9.999999998479652819e-01 1.743758399911629403e-05 0.000000000000000000e+00 -8.000000000000000000e+00 -1.743758399911629403e-05 9.999999998479652819e-01 0.000000000000000000e+00 5.000000000000000000e+00 0.000000000000000000e+00 0.000000000000000000e+00 1.000000000000000000e+00 0.000000000000000000e+00
9.997602852944089680e-01 -2.189456434921636940e-02 0.000000000000000000e+00 -8.022043999999999286e+00 2.189456434921636940e-02 9.997602852944089680e-01 0.000000000000000000e+00 4.602223000000000397e+00 0.000000000000000000e+00 0.000000000000000000e+00 1.000000000000000000e+00 0.000000000000000000e+00
9.985570688551479446e-01 -5.370084021144657521e-02 0.000000000000000000e+00 -8.034228999999999843e+00 5.370084021144657521e-02 9.985570688551479446e-01 0.000000000000000000e+00 4.204553599999999669e+00 0.000000000000000000e+00 0.000000000000000000e+00 1.000000000000000000e+00 0.000000000000000000e+00
9.929484878435304029e-01 -1.185466173673730972e-01 0.000000000000000000e+00 -7.971046000000000298e+00 1.185466173673730972e-01 9.929484878435304029e-01 0.000000000000000000e+00 3.866871000000000169e+00 0.000000000000000000e+00 0.000000000000000000e+00 1.000000000000000000e+00 0.000000000000000000e+00
9.861928445211278760e-01 -1.656009462996107240e-01 0.000000000000000000e+00 -7.878681699999999566e+00 1.656009462996107240e-01 9.861928445211278760e-01 0.000000000000000000e+00 3.531712800000000207e+00 0.000000000000000000e+00 0.000000000000000000e+00 1.000000000000000000e+00 0.000000000000000000e+00
9.744918659505995562e-01 -2.244228223602018346e-01 0.000000000000000000e+00 -7.832804699999999620e+00 2.244228223602018346e-01 9.744918659505995562e-01 0.000000000000000000e+00 3.045230899999999963e+00 0.000000000000000000e+00 0.000000000000000000e+00 1.000000000000000000e+00 0.000000000000000000e+00
9.924614109973908249e-01 -1.225575280473136380e-01 0.000000000000000000e+00 -7.596851000000000020e+00 1.225575280473136380e-01 9.924614109973908249e-01 0.000000000000000000e+00 2.554896400000000067e+00 0.000000000000000000e+00 0.000000000000000000e+00 1.000000000000000000e+00 0.000000000000000000e+00
9.992199884320589476e-01 -3.948942539257901257e-02 0.000000000000000000e+00 -7.506591300000000189e+00 3.948942539257901257e-02 9.992199884320589476e-01 0.000000000000000000e+00 2.078413499999999914e+00 0.000000000000000000e+00 0.000000000000000000e+00 1.000000000000000000e+00 0.000000000000000000e+00
9.957382829046230732e-01 -9.222403134841153372e-02 0.000000000000000000e+00 -7.434319999999999595e+00 9.222403134841153372e-02 9.957382829046230732e-01 0.000000000000000000e+00 1.654578000000000104e+00 0.000000000000000000e+00 0.000000000000000000e+00 1.000000000000000000e+00 0.000000000000000000e+00
9.933319269073731528e-01 -1.152895614810164199e-01 0.000000000000000000e+00 -7.429433999999999649e+00 1.152895614810164199e-01 9.933319269073731528e-01 0.000000000000000000e+00 1.152586200000000005e+00 0.000000000000000000e+00 0.000000000000000000e+00 1.000000000000000000e+00 0.000000000000000000e+00
9.955834963067011767e-01 -9.388025288485742081e-02 0.000000000000000000e+00 -7.281043500000000002e+00 9.388025288485742081e-02 9.955834963067011767e-01 0.000000000000000000e+00 7.104149499999999895e-01 0.000000000000000000e+00 0.000000000000000000e+00 1.000000000000000000e+00 0.000000000000000000e+00
9.939712044571222815e-01 1.096414370120056270e-01 0.000000000000000000e+00 -7.310162499999999675e+00 -1.096414370120056270e-01 9.939712044571222815e-01 0.000000000000000000e+00 3.144346199999999980e-01 0.000000000000000000e+00 0.000000000000000000e+00 1.000000000000000000e+00 0.000000000000000000e+00
9.899932196284841890e-01 1.411149357425639794e-01 0.000000000000000000e+00 -7.270016700000000220e+00 -1.411149357425639794e-01 9.899932196284841890e-01 0.000000000000000000e+00 -1.160782100000000011e-01 0.000000000000000000e+00 0.000000000000000000e+00 1.000000000000000000e+00 0.000000000000000000e+00
9.833012749458237556e-01 1.819851716209799908e-01 0.000000000000000000e+00 -7.494282700000000297e+00 -1.819851716209799908e-01 9.833012749458237556e-01 0.000000000000000000e+00 -6.449669000000000096e-01 0.000000000000000000e+00 0.000000000000000000e+00 1.000000000000000000e+00 0.000000000000000000e+00
9.951434211452032663e-01 9.843562033847565174e-02 0.000000000000000000e+00 -7.406804000000000165e+00 -9.843562033847565174e-02 9.951434211452032663e-01 0.000000000000000000e+00 -9.761525399999999575e-01 0.000000000000000000e+00 0.000000000000000000e+00 1.000000000000000000e+00 0.000000000000000000e+00
9.914797421657373100e-01 1.302609721864652903e-01 0.000000000000000000e+00 -7.497665999999999720e+00 -1.302609721864652903e-01 9.914797421657373100e-01 0.000000000000000000e+00 -1.478174099999999935e+00 0.000000000000000000e+00 0.000000000000000000e+00 1.000000000000000000e+00 0.000000000000000000e+00
9.991992844691287567e-01 4.000987273637722497e-02 0.000000000000000000e+00 -7.647648000000000224e+00 -4.000987273637722497e-02 9.991992844691287567e-01 0.000000000000000000e+00 -1.758480400000000055e+00 0.000000000000000000e+00 0.000000000000000000e+00 1.000000000000000000e+00 0.000000000000000000e+00
9.999997384604727424e-01 7.232419969478700791e-04 0.000000000000000000e+00 -7.599165000000000170e+00 -7.232419969478700791e-04 9.999997384604727424e-01 0.000000000000000000e+00 -2.349979400000000052e+00 0.000000000000000000e+00 0.000000000000000000e+00 1.000000000000000000e+00 0.000000000000000000e+00
9.988805902629567246e-01 4.730292164261305082e-02 0.000000000000000000e+00 -7.753053999999999668e+00 -4.730292164261305082e-02 9.988805902629567246e-01 0.000000000000000000e+00 -2.783790300000000162e+00 0.000000000000000000e+00 0.000000000000000000e+00 1.000000000000000000e+00 0.000000000000000000e+00
9.996524769113727116e-01 -2.636143783933971724e-02 0.000000000000000000e+00 -7.643563699999999628e+00 2.636143783933971724e-02 9.996524769113727116e-01 0.000000000000000000e+00 -3.094344400000000217e+00 0.000000000000000000e+00 0.000000000000000000e+00 1.000000000000000000e+00 0.000000000000000000e+00
9.757756981088487880e-01 -2.187733689921803337e-01 0.000000000000000000e+00 -7.842109699999999961e+00 2.187733689921803337e-01 9.757756981088487880e-01 0.000000000000000000e+00 -3.076120899999999825e+00 0.000000000000000000e+00 0.000000000000000000e+00 1.000000000000000000e+00 0.000000000000000000e+00
9.225583714817594538e-01 -3.858575530023016231e-01 0.000000000000000000e+00 -7.705522000000000205e+00 3.858575530023016231e-01 9.225583714817594538e-01 0.000000000000000000e+00 -3.303002999999999911e+00 0.000000000000000000e+00 0.000000000000000000e+00 1.000000000000000000e+00 0.000000000000000000e+00
8.270259944306334043e-01 -5.621636812673173056e-01 0.000000000000000000e+00 -7.448513499999999787e+00 5.621636812673173056e-01 8.270259944306334043e-01 0.000000000000000000e+00 -3.693556500000000131e+00 0.000000000000000000e+00 0.000000000000000000e+00 1.000000000000000000e+00 0.000000000000000000e+00
6.197055373454114502e-01 -7.848344073646585928e-01 0.000000000000000000e+00 -7.176496499999999834e+00 7.848344073646585928e-01 6.197055373454114502e-01 0.000000000000000000e+00 -3.956449500000000175e+00 0.000000000000000000e+00 0.000000000000000000e+00 1.000000000000000000e+00 0.000000000000000000e+00
3.757631408153428443e-01 -9.267157395904036532e-01 0.000000000000000000e+00 -6.877294499999999644e+00 9.267157395904036532e-01 3.757631408153428443e-01 0.000000000000000000e+00 -4.214713999999999849e+00 0.000000000000000000e+00 0.000000000000000000e+00 1.000000000000000000e+00 0.000000000000000000e+00
1.557079722059883098e-01 -9.878031319000254440e-01 0.000000000000000000e+00 -6.559410599999999647e+00 9.878031319000254440e-01 1.557079722059883098e-01 0.000000000000000000e+00 -4.252825699999999820e+00 0.000000000000000000e+00 0.000000000000000000e+00 1.000000000000000000e+00 0.000000000000000000e+00
-1.078777300530741751e-01 -9.941641692188448731e-01 0.000000000000000000e+00 -6.323534000000000432e+00 9.941641692188448731e-01 -1.078777300530741751e-01 0.000000000000000000e+00 -4.144707999999999615e+00 0.000000000000000000e+00 0.000000000000000000e+00 1.000000000000000000e+00 0.000000000000000000e+00
-4.132679234112077160e-01 -9.106094791288898982e-01 0.000000000000000000e+00 -6.161070999999999742e+00 9.106094791288898982e-01 -4.132679234112077160e-01 0.000000000000000000e+00 -4.151667999999999914e+00 0.000000000000000000e+00 0.000000000000000000e+00 1.000000000000000000e+00 0.000000000000000000e+00
-7.906012464628099368e-01 -6.123313393020572981e-01 0.000000000000000000e+00 -5.911729300000000187e+00 6.123313393020572981e-01 -7.906012464628099368e-01 0.000000000000000000e+00 -3.999814000000000203e+00 0.000000000000000000e+00 0.000000000000000000e+00 1.000000000000000000e+00 0.000000000000000000e+00
-9.624702466156874747e-01 -2.713872222112486687e-01 0.000000000000000000e+00 -5.624960399999999971e+00 2.713872222112486687e-01 -9.624702466156874747e-01 0.000000000000000000e+00 -3.721104599999999873e+00 0.000000000000000000e+00 0.000000000000000000e+00 1.000000000000000000e+00 0.000000000000000000e+00
9.986067172740796805e-01 -5.276953870450621503e-02 0.000000000000000000e+00 -5.590893000000000335e+00 5.276953870450621503e-02 9.986067172740796805e-01 0.000000000000000000e+00 -3.499582800000000216e+00 0.000000000000000000e+00 0.000000000000000000e+00 1.000000000000000000e+00 0.000000000000000000e+00
9.508506751321521566e-01 -3.096497918628888790e-01 0.000000000000000000e+00 -5.691766300000000278e+00 3.096497918628888790e-01 9.508506751321521566e-01 0.000000000000000000e+00 -3.055275700000000150e+00 0.000000000000000000e+00 0.000000000000000000e+00 1.000000000000000000e+00 0.000000000000000000e+00
8.577796239633450615e-01 -5.140176229598576452e-01 0.000000000000000000e+00 -5.825804699999999947e+00 5.140176229598576452e-01 8.577796239633450615e-01 0.000000000000000000e+00 -2.750519499999999784e+00 0.000000000000000000e+00 0.000000000000000000e+00 1.000000000000000000e+00 0.000000000000000000e+00
5.167381583659057531e-01 -8.561434901280345899e-01 0.000000000000000000e+00 -5.765646000000000271e+00 8.561434901280345899e-01 5.167381583659057531e-01 0.000000000000000000e+00 -2.587642699999999962e+00 0.000000000000000000e+00 0.000000000000000000e+00 1.000000000000000000e+00 0.000000000000000000e+00
1.042153814114628319e-02 -9.999456942968316664e-01 0.000000000000000000e+00 -6.131502000000000230e+00 9.999456942968316664e-01 1.042153814114628319e-02 0.000000000000000000e+00 -2.639081700000000197e+00 0.000000000000000000e+00 0.000000000000000000e+00 1.000000000000000000e+00 0.000000000000000000e+00
-4.556550639430739236e-01 -8.901564259741280294e-01 0.000000000000000000e+00 -6.351177999999999990e+00 8.901564259741280294e-01 -4.556550639430739236e-01 0.000000000000000000e+00 -2.749735600000000169e+00 0.000000000000000000e+00 0.000000000000000000e+00 1.000000000000000000e+00 0.000000000000000000e+00
-8.784145475944292736e-01 -4.778994481838978459e-01 0.000000000000000000e+00 -6.384721800000000336e+00 4.778994481838978459e-01 -8.784145475944292736e-01 0.000000000000000000e+00 -3.089179999999999815e+00 0.000000000000000000e+00 0.000000000000000000e+00 1.000000000000000000e+00 0.000000000000000000e+00
-9.890239223567793836e-01 -1.477554770761857483e-01 0.000000000000000000e+00 -6.598252999999999702e+00 1.477554770761857483e-01 -9.890239223567793836e-01 0.000000000000000000e+00 -3.376360700000000215e+00 0.000000000000000000e+00 0.000000000000000000e+00 1.000000000000000000e+00 0.000000000000000000e+00
-9.985561202131244540e-01 5.371847712763423710e-02 0.000000000000000000e+00 -6.693748000000000253e+00 -5.371847712763423710e-02 -9.985561202131244540e-01 0.000000000000000000e+00 -3.704835999999999796e+00 0.000000000000000000e+00 0.000000000000000000e+00 1.000000000000000000e+00 0.000000000000000000e+00
-9.444805307903124669e-01 3.285673857187436653e-01 0.000000000000000000e+00 -6.698911700000000025e+00 -3.285673857187436653e-01 -9.444805307903124669e-01 0.000000000000000000e+00 -4.198049499999999767e+00 0.000000000000000000e+00 0.000000000000000000e+00 1.000000000000000000e+00 0.000000000000000000e+00
8.343697426594860467e-01 -5.512051637406374383e-01 0.000000000000000000e+00 -6.728640999999999650e+00 5.512051637406374383e-01 8.343697426594860467e-01 0.000000000000000000e+00 -3.958997500000000169e+00 0.000000000000000000e+00 0.000000000000000000e+00 1.000000000000000000e+00 0.000000000000000000e+00
-5.497631547064055768e-01 8.353205814100720383e-01 0.000000000000000000e+00 -6.228439299999999790e+00 -8.353205814100720383e-01 -5.497631547064055768e-01 0.000000000000000000e+00 -4.413131700000000102e+00 0.000000000000000000e+00 0.000000000000000000e+00 1.000000000000000000e+00 0.000000000000000000e+00
-1.831522347362699588e-01 9.830845634588665227e-01 0.000000000000000000e+00 -5.844044700000000425e+00 -9.830845634588665227e-01 -1.831522347362699588e-01 0.000000000000000000e+00 -4.524372999999999756e+00 0.000000000000000000e+00 0.000000000000000000e+00 1.000000000000000000e+00 0.000000000000000000e+00
1.002104432097466469e-01 9.949662642882451946e-01 0.000000000000000000e+00 -5.345780399999999766e+00 -9.949662642882451946e-01 1.002104432097466469e-01 0.000000000000000000e+00 -4.657856999999999914e+00 0.000000000000000000e+00 0.000000000000000000e+00 1.000000000000000000e+00 0.000000000000000000e+00
3.595587977454174911e-01 9.331224308545315038e-01 0.000000000000000000e+00 -4.831649299999999592e+00 -9.331224308545315038e-01 3.595587977454174911e-01 0.000000000000000000e+00 -4.625404999999999767e+00 0.000000000000000000e+00 0.000000000000000000e+00 1.000000000000000000e+00 0.000000000000000000e+00
5.371944500383476484e-01 8.434584298280486392e-01 0.000000000000000000e+00 -4.444674499999999639e+00 -8.434584298280486392e-01 5.371944500383476484e-01 0.000000000000000000e+00 -4.314682000000000350e+00 0.000000000000000000e+00 0.000000000000000000e+00 1.000000000000000000e+00 0.000000000000000000e+00
6.570433686920760241e-01 7.538527785037133500e-01 0.000000000000000000e+00 -4.177062000000000275e+00 -7.538527785037133500e-01 6.570433686920760241e-01 0.000000000000000000e+00 -4.016863299999999803e+00 0.000000000000000000e+00 0.000000000000000000e+00 1.000000000000000000e+00 0.000000000000000000e+00
8.021642509250447306e-01 5.971034370507859457e-01 0.000000000000000000e+00 -3.650760399999999795e+00 -5.971034370507859457e-01 8.021642509250447306e-01 0.000000000000000000e+00 -3.757267000000000134e+00 0.000000000000000000e+00 0.000000000000000000e+00 1.000000000000000000e+00 0.000000000000000000e+00
9.028333064768589988e-01 4.299907216627610329e-01 0.000000000000000000e+00 -3.443228700000000142e+00 -4.299907216627610329e-01 9.028333064768589988e-01 0.000000000000000000e+00 -3.301009699999999825e+00 0.000000000000000000e+00 0.000000000000000000e+00 1.000000000000000000e+00 0.000000000000000000e+00
9.302410592121084232e-01 3.669490042988732825e-01 0.000000000000000000e+00 -3.201295899999999861e+00 -3.669490042988732825e-01 9.302410592121084232e-01 0.000000000000000000e+00 -2.748190600000000039e+00 0.000000000000000000e+00 0.000000000000000000e+00 1.000000000000000000e+00 0.000000000000000000e+00
9.626056610501794175e-01 2.709065176664213759e-01 0.000000000000000000e+00 -2.993936999999999848e+00 -2.709065176664213759e-01 9.626056610501794175e-01 0.000000000000000000e+00 -2.325264199999999892e+00 0.000000000000000000e+00 0.000000000000000000e+00 1.000000000000000000e+00 0.000000000000000000e+00
9.535664904160640054e-01 3.011825830880506816e-01 0.000000000000000000e+00 -2.979363399999999995e+00 -3.011825830880506816e-01 9.535664904160640054e-01 0.000000000000000000e+00 -1.810580999999999996e+00 0.000000000000000000e+00 0.000000000000000000e+00 1.000000000000000000e+00 0.000000000000000000e+00
9.906785132577632380e-01 1.362207156396850194e-01 0.000000000000000000e+00 -2.831044400000000127e+00 -1.362207156396850194e-01 9.906785132577632380e-01 0.000000000000000000e+00 -1.338827400000000001e+00 0.000000000000000000e+00 0.000000000000000000e+00 1.000000000000000000e+00 0.000000000000000000e+00
9.913854458088776633e-01 1.309767072358014872e-01 0.000000000000000000e+00 -2.706761800000000218e+00 -1.309767072358014872e-01 9.913854458088776633e-01 0.000000000000000000e+00 -1.050558099999999939e+00 0.000000000000000000e+00 0.000000000000000000e+00 1.000000000000000000e+00 0.000000000000000000e+00
9.962706722744819610e-01 8.628295060874845157e-02 0.000000000000000000e+00 -2.791294000000000164e+00 -8.628295060874845157e-02 9.962706722744819610e-01 0.000000000000000000e+00 -6.064819999999999656e-01 0.000000000000000000e+00 0.000000000000000000e+00 1.000000000000000000e+00 0.000000000000000000e+00
9.960450359340278226e-01 8.884979679876164882e-02 0.000000000000000000e+00 -2.581801000000000013e+00 -8.884979679876164882e-02 9.960450359340278226e-01 0.000000000000000000e+00 -7.444323599999999597e-02 0.000000000000000000e+00 0.000000000000000000e+00 1.000000000000000000e+00 0.000000000000000000e+00
9.949850389367248527e-01 1.000238586142528918e-01 0.000000000000000000e+00 -2.544772099999999870e+00 -1.000238586142528918e-01 9.949850389367248527e-01 0.000000000000000000e+00 5.486579999999999790e-01 0.000000000000000000e+00 0.000000000000000000e+00 1.000000000000000000e+00 0.000000000000000000e+00
9.857770716196948557e-01 1.680582192839699396e-01 0.000000000000000000e+00 -2.618412300000000137e+00 -1.680582192839699396e-01 9.857770716196948557e-01 0.000000000000000000e+00 9.867422999999999611e-01 0.000000000000000000e+00 0.000000000000000000e+00 1.000000000000000000e+00 0.000000000000000000e+00
9.986090550392714427e-01 -5.272528040298451318e-02 0.000000000000000000e+00 -2.581052300000000077e+00 5.272528040298451318e-02 9.986090550392714427e-01 0.000000000000000000e+00 1.573047300000000037e+00 0.000000000000000000e+00 0.000000000000000000e+00 1.000000000000000000e+00 0.000000000000000000e+00
9.985889645395135128e-01 5.310442448517989356e-02 0.000000000000000000e+00 -2.598598500000000033e+00 -5.310442448517989356e-02 9.985889645395135128e-01 0.000000000000000000e+00 2.019889800000000069e+00 0.000000000000000000e+00 0.000000000000000000e+00 1.000000000000000000e+00 0.000000000000000000e+00
-1.844456184831875789e-01 9.828427207963410517e-01 0.000000000000000000e+00 -2.707895800000000186e+00 -9.828427207963410517e-01 -1.844456184831875789e-01 0.000000000000000000e+00 1.982773399999999908e+00 0.000000000000000000e+00 0.000000000000000000e+00 1.000000000000000000e+00 0.000000000000000000e+00
9.999999470143482450e-01 -3.255323342504855928e-04 0.000000000000000000e+00 -2.791357800000000111e+00 3.255323342504855928e-04 9.999999470143482450e-01 0.000000000000000000e+00 2.442565699999999840e+00 0.000000000000000000e+00 0.000000000000000000e+00 1.000000000000000000e+00 0.000000000000000000e+00
9.951304656943028570e-01 -9.856650672028455240e-02 0.000000000000000000e+00 -2.781414499999999901e+00 9.856650672028455240e-02 9.951304656943028570e-01 0.000000000000000000e+00 2.876141500000000129e+00 0.000000000000000000e+00 0.000000000000000000e+00 1.000000000000000000e+00 0.000000000000000000e+00
9.861406445693380318e-01 -1.659115099333695886e-01 0.000000000000000000e+00 -2.840796000000000099e+00 1.659115099333695886e-01 9.861406445693380318e-01 0.000000000000000000e+00 3.442193699999999801e+00 0.000000000000000000e+00 0.000000000000000000e+00 1.000000000000000000e+00 0.000000000000000000e+00
9.530608840959443606e-01 -3.027787165674909464e-01 0.000000000000000000e+00 -3.042061599999999810e+00 3.027787165674909464e-01 9.530608840959443606e-01 0.000000000000000000e+00 3.950482099999999885e+00 0.000000000000000000e+00 0.000000000000000000e+00 1.000000000000000000e+00 0.000000000000000000e+00
9.283985955490178243e-01 -3.715858551971688017e-01 0.000000000000000000e+00 -3.384356700000000107e+00 3.715858551971688017e-01 9.283985955490178243e-01 0.000000000000000000e+00 4.366750999999999827e+00 0.000000000000000000e+00 0.000000000000000000e+00 1.000000000000000000e+00 0.000000000000000000e+00
9.402065284412498558e-01 -3.406048794078750941e-01 0.000000000000000000e+00 -3.636866799999999955e+00 3.406048794078750941e-01 9.402065284412498558e-01 0.000000000000000000e+00 5.005255700000000196e+00 0.000000000000000000e+00 0.000000000000000000e+00 1.000000000000000000e+00 0.000000000000000000e+00
9.232175727216918037e-01 -3.842776514681379707e-01 0.000000000000000000e+00 -3.885228600000000032e+00 3.842776514681379707e-01 9.232175727216918037e-01 0.000000000000000000e+00 5.526911300000000082e+00 0.000000000000000000e+00 0.000000000000000000e+00 1.000000000000000000e+00 0.000000000000000000e+00
8.543291397977164081e-01 -5.197323550564212358e-01 0.000000000000000000e+00 -4.178239300000000433e+00 5.197323550564212358e-01 8.543291397977164081e-01 0.000000000000000000e+00 5.740537599999999685e+00 0.000000000000000000e+00 0.000000000000000000e+00 1.000000000000000000e+00 0.000000000000000000e+00
7.451545559745509362e-01 -6.668918110985992964e-01 0.000000000000000000e+00 -4.565524599999999822e+00 6.668918110985992964e-01 7.451545559745509362e-01 0.000000000000000000e+00 6.050194699999999592e+00 0.000000000000000000e+00 0.000000000000000000e+00 1.000000000000000000e+00 0.000000000000000000e+00
-5.856226324432768360e-01 8.105838219272617495e-01 0.000000000000000000e+00 -4.859518999999999700e+00 -8.105838219272617495e-01 -5.856226324432768360e-01 0.000000000000000000e+00 6.424813699999999628e+00 0.000000000000000000e+00 0.000000000000000000e+00 1.000000000000000000e+00 0.000000000000000000e+00
-4.903357687867991865e-01 8.715336102803257212e-01 0.000000000000000000e+00 -5.502786000000000399e+00 -8.715336102803257212e-01 -4.903357687867991865e-01 0.000000000000000000e+00 6.675802700000000200e+00 0.000000000000000000e+00 0.000000000000000000e+00 1.000000000000000000e+00 0.000000000000000000e+00
-2.786108408951400994e-01 9.604040812781372560e-01 0.000000000000000000e+00 -5.944574399999999592e+00 -9.604040812781372560e-01 -2.786108408951400994e-01 0.000000000000000000e+00 6.756199999999999761e+00 0.000000000000000000e+00 0.000000000000000000e+00 1.000000000000000000e+00 0.000000000000000000e+00
-1.095000615949799638e-01 9.939867889014901703e-01 0.000000000000000000e+00 -6.392411000000000065e+00 -9.939867889014901703e-01 -1.095000615949799638e-01 0.000000000000000000e+00 7.021342800000000217e+00 0.000000000000000000e+00 0.000000000000000000e+00 1.000000000000000000e+00 0.000000000000000000e+00
6.943491205282849299e-02 9.975864839642806237e-01 0.000000000000000000e+00 -6.755797000000000274e+00 -9.975864839642806237e-01 6.943491205282849299e-02 0.000000000000000000e+00 7.003451300000000046e+00 0.000000000000000000e+00 0.000000000000000000e+00 1.000000000000000000e+00 0.000000000000000000e+00
3.503583964914804283e-01 9.366157130904427808e-01 0.000000000000000000e+00 -7.266949699999999623e+00 -9.366157130904427808e-01 3.503583964914804283e-01 0.000000000000000000e+00 6.907457400000000192e+00 0.000000000000000000e+00 0.000000000000000000e+00 1.000000000000000000e+00 0.000000000000000000e+00
5.155661281788177508e-01 8.568497928311022971e-01 0.000000000000000000e+00 -7.633230700000000368e+00 -8.568497928311022971e-01 5.155661281788177508e-01 0.000000000000000000e+00 6.839550499999999644e+00 0.000000000000000000e+00 0.000000000000000000e+00 1.000000000000000000e+00 0.000000000000000000e+00
8.471715980748305563e-01 5.313193798604920470e-01 0.000000000000000000e+00 -7.943640000000000256e+00 -5.313193798604920470e-01 8.471715980748305563e-01 0.000000000000000000e+00 6.570897600000000338e+00 0.000000000000000000e+00 0.000000000000000000e+00 1.000000000000000000e+00 0.000000000000000000e+00
9.446687519128883492e-01 3.280258361156110358e-01 0.000000000000000000e+00 -8.192477000000000231e+00 -3.280258361156110358e-01 9.446687519128883492e-01 0.000000000000000000e+00 6.270780000000000243e+00 0.000000000000000000e+00 0.000000000000000000e+00 1.000000000000000000e+00 0.000000000000000000e+00
9.770863003296544891e-01 2.128435146019447555e-01 0.000000000000000000e+00 -8.208887000000000711e+00 -2.128435146019447555e-01 9.770863003296544891e-01 0.000000000000000000e+00 5.917365600000000114e+00 0.000000000000000000e+00 0.000000000000000000e+00 1.000000000000000000e+00 0.000000000000000000e+00
9.999999937101087255e-01 1.121596297648426996e-04 0.000000000000000000e+00 -8.199873000000000189e+00 -1.121596297648426996e-04 9.999999937101087255e-01 0.000000000000000000e+00 5.949741999999999642e+00 0.000000000000000000e+00 0.000000000000000000e+00 1.000000000000000000e+00 0.000000000000000000e+00
9.981025770010696352e-01 6.157309301816682456e-02 0.000000000000000000e+00 -8.206616000000000355e+00 -6.157309301816682456e-02 9.981025770010696352e-01 0.000000000000000000e+00 5.449143000000000292e+00 0.000000000000000000e+00 0.000000000000000000e+00 1.000000000000000000e+00 0.000000000000000000e+00
9.985860565324715665e-01 -5.315907917682019534e-02 0.000000000000000000e+00 -8.274521999999999267e+00 5.315907917682019534e-02 9.985860565324715665e-01 0.000000000000000000e+00 4.942434000000000438e+00 0.000000000000000000e+00 0.000000000000000000e+00 1.000000000000000000e+00 0.000000000000000000e+00
9.880427709450084750e-01 -1.541800336726822651e-01 0.000000000000000000e+00 -8.217370000000000729e+00 1.541800336726822651e-01 9.880427709450084750e-01 0.000000000000000000e+00 4.443040400000000112e+00 0.000000000000000000e+00 0.000000000000000000e+00 1.000000000000000000e+00 0.000000000000000000e+00
9.860152603181461251e-01 -1.666550521878603086e-01 0.000000000000000000e+00 -8.166318999999999662e+00 1.666550521878603086e-01 9.860152603181461251e-01 0.000000000000000000e+00 4.040933599999999792e+00 0.000000000000000000e+00 0.000000000000000000e+00 1.000000000000000000e+00 0.000000000000000000e+00
9.679393010070602710e-01 -2.511842144044157954e-01 0.000000000000000000e+00 -8.032064999999999344e+00 2.511842144044157954e-01 9.679393010070602710e-01 0.000000000000000000e+00 3.472099299999999999e+00 0.000000000000000000e+00 0.000000000000000000e+00 1.000000000000000000e+00 0.000000000000000000e+00
9.924543770126134090e-01 -1.226144752812872718e-01 0.000000000000000000e+00 -7.838917000000000357e+00 1.226144752812872718e-01 9.924543770126134090e-01 0.000000000000000000e+00 2.878038200000000213e+00 0.000000000000000000e+00 0.000000000000000000e+00 1.000000000000000000e+00 0.000000000000000000e+00
9.954734050773683673e-01 -9.504051653726298954e-02 0.000000000000000000e+00 -7.693619700000000172e+00 9.504051653726298954e-02 9.954734050773683673e-01 0.000000000000000000e+00 2.206681999999999810e+00 0.000000000000000000e+00 0.000000000000000000e+00 1.000000000000000000e+00 0.000000000000000000e+00
9.957487468660358720e-01 -9.211098259555815237e-02 0.000000000000000000e+00 -7.646830600000000366e+00 9.211098259555815237e-02 9.957487468660358720e-01 0.000000000000000000e+00 1.785721200000000009e+00 0.000000000000000000e+00 0.000000000000000000e+00 1.000000000000000000e+00 0.000000000000000000e+00
9.809305858389830712e-01 -1.943583951507871499e-01 0.000000000000000000e+00 -7.575840999999999603e+00 1.943583951507871499e-01 9.809305858389830712e-01 0.000000000000000000e+00 1.242127100000000040e+00 0.000000000000000000e+00 0.000000000000000000e+00 1.000000000000000000e+00 0.000000000000000000e+00
9.956139066272747806e-01 -9.355719603737734646e-02 0.000000000000000000e+00 -7.475798000000000165e+00 9.355719603737734646e-02 9.956139066272747806e-01 0.000000000000000000e+00 6.415070999999999968e-01 0.000000000000000000e+00 0.000000000000000000e+00 1.000000000000000000e+00 0.000000000000000000e+00
9.976613205668010131e-01 6.835122123932099725e-02 0.000000000000000000e+00 -7.394039000000000250e+00 -6.835122123932099725e-02 9.976613205668010131e-01 0.000000000000000000e+00 2.079015200000000063e-01 0.000000000000000000e+00 0.000000000000000000e+00 1.000000000000000000e+00 0.000000000000000000e+00
9.900662841697041028e-01 1.406013973984420462e-01 0.000000000000000000e+00 -7.503317000000000014e+00 -1.406013973984420462e-01 9.900662841697041028e-01 0.000000000000000000e+00 -3.355013700000000210e-01 0.000000000000000000e+00 0.000000000000000000e+00 1.000000000000000000e+00 0.000000000000000000e+00
9.969574689317599603e-01 7.794745115254816947e-02 0.000000000000000000e+00 -7.554909699999999617e+00 -7.794745115254816947e-02 9.969574689317599603e-01 0.000000000000000000e+00 -7.698854000000000530e-01 0.000000000000000000e+00 0.000000000000000000e+00 1.000000000000000000e+00 0.000000000000000000e+00
9.950985807582194420e-01 9.888788890949913590e-02 0.000000000000000000e+00 -7.649639600000000428e+00 -9.888788890949913590e-02 9.950985807582194420e-01 0.000000000000000000e+00 -1.403500900000000051e+00 0.000000000000000000e+00 0.000000000000000000e+00 1.000000000000000000e+00 0.000000000000000000e+00
9.994275679071457086e-01 -3.383099920498572333e-02 0.000000000000000000e+00 -7.906130000000000102e+00 3.383099920498572333e-02 9.994275679071457086e-01 0.000000000000000000e+00 -1.886140600000000056e+00 0.000000000000000000e+00 0.000000000000000000e+00 1.000000000000000000e+00 0.000000000000000000e+00
9.992076860814723682e-01 3.979949843540326465e-02 0.000000000000000000e+00 -7.873664400000000008e+00 -3.979949843540326465e-02 9.992076860814723682e-01 0.000000000000000000e+00 -2.400062300000000093e+00 0.000000000000000000e+00 0.000000000000000000e+00 1.000000000000000000e+00 0.000000000000000000e+00
9.772025583189254405e-01 2.123091143002274195e-01 0.000000000000000000e+00 -7.865318300000000207e+00 -2.123091143002274195e-01 9.772025583189254405e-01 0.000000000000000000e+00 -2.942489600000000038e+00 0.000000000000000000e+00 0.000000000000000000e+00 1.000000000000000000e+00 0.000000000000000000e+00
9.988763290493338776e-01 4.739281870628585941e-02 0.000000000000000000e+00 -7.992918500000000037e+00 -4.739281870628585941e-02 9.988763290493338776e-01 0.000000000000000000e+00 -3.623336300000000065e+00 0.000000000000000000e+00 0.000000000000000000e+00 1.000000000000000000e+00 0.000000000000000000e+00
9.993944532163647754e-01 -3.479550086380675533e-02 0.000000000000000000e+00 -7.795016999999999641e+00 3.479550086380675533e-02 9.993944532163647754e-01 0.000000000000000000e+00 -4.046713999999999700e+00 0.000000000000000000e+00 0.000000000000000000e+00 1.000000000000000000e+00 0.000000000000000000e+00
9.757477090139615727e-01 -2.188981689142359688e-01 0.000000000000000000e+00 -7.830136000000000429e+00 2.188981689142359688e-01 9.757477090139615727e-01 0.000000000000000000e+00 -4.047043000000000390e+00 0.000000000000000000e+00 0.000000000000000000e+00 1.000000000000000000e+00 0.000000000000000000e+00
9.325440856537495771e-01 -3.610561290328861417e-01 0.000000000000000000e+00 -7.629088999999999565e+00 3.610561290328861417e-01 9.325440856537495771e-01 0.000000000000000000e+00 -4.483878599999999714e+00 0.000000000000000000e+00 0.000000000000000000e+00 1.000000000000000000e+00 0.000000000000000000e+00
8.271773551191767826e-01 -5.619409427849542116e-01 0.000000000000000000e+00 -7.278645499999999657e+00 5.619409427849542116e-01 8.271773551191767826e-01 0.000000000000000000e+00 -4.711971000000000132e+00 0.000000000000000000e+00 0.000000000000000000e+00 1.000000000000000000e+00 0.000000000000000000e+00
6.378762505062224308e-01 -7.701388764632798312e-01 0.000000000000000000e+00 -6.842317999999999678e+00 7.701388764632798312e-01 6.378762505062224308e-01 0.000000000000000000e+00 -4.926841300000000423e+00 0.000000000000000000e+00 0.000000000000000000e+00 1.000000000000000000e+00 0.000000000000000000e+00
3.757206041670798635e-01 -9.267329861423539983e-01 0.000000000000000000e+00 -6.395294999999999952e+00 9.267329861423539983e-01 3.757206041670798635e-01 0.000000000000000000e+00 -5.186247999999999969e+00 0.000000000000000000e+00 0.000000000000000000e+00 1.000000000000000000e+00 0.000000000000000000e+00
1.196560407307937501e-01 -9.928154067683632178e-01 0.000000000000000000e+00 -6.014569299999999785e+00 9.928154067683632178e-01 1.196560407307937501e-01 0.000000000000000000e+00 -5.098836000000000368e+00 0.000000000000000000e+00 0.000000000000000000e+00 1.000000000000000000e+00 0.000000000000000000e+00
-1.080556837101587925e-01 -9.941448431782614614e-01 0.000000000000000000e+00 -5.624349600000000393e+00 9.941448431782614614e-01 -1.080556837101587925e-01 0.000000000000000000e+00 -5.022401300000000290e+00 0.000000000000000000e+00 0.000000000000000000e+00 1.000000000000000000e+00 0.000000000000000000e+00
-4.830141352108899833e-01 -8.756125542649991766e-01 0.000000000000000000e+00 -5.250003999999999671e+00 8.756125542649991766e-01 -4.830141352108899833e-01 0.000000000000000000e+00 -4.861435000000000173e+00 0.000000000000000000e+00 0.000000000000000000e+00 1.000000000000000000e+00 0.000000000000000000e+00
-7.910432659395522093e-01 -6.117602074438046600e-01 0.000000000000000000e+00 -4.844738500000000059e+00 6.117602074438046600e-01 -7.910432659395522093e-01 0.000000000000000000e+00 -4.415357600000000105e+00 0.000000000000000000e+00 0.000000000000000000e+00 1.000000000000000000e+00 0.000000000000000000e+00
-9.609668574733677415e-01 -2.766635119378051955e-01 0.000000000000000000e+00 -4.573514499999999927e+00 2.766635119378051955e-01 -9.609668574733677415e-01 0.000000000000000000e+00 -4.015107999999999677e+00 0.000000000000000000e+00 0.000000000000000000e+00 1.000000000000000000e+00 0.000000000000000000e+00
9.986116015590321693e-01 -5.267702755191170511e-02 0.000000000000000000e+00 -4.444360699999999831e+00 5.267702755191170511e-02 9.986116015590321693e-01 0.000000000000000000e+00 -3.422976300000000194e+00 0.000000000000000000e+00 0.000000000000000000e+00 1.000000000000000000e+00 0.000000000000000000e+00
9.516787055134553475e-01 -3.070954924322953361e-01 0.000000000000000000e+00 -4.541327500000000406e+00 3.070954924322953361e-01 9.516787055134553475e-01 0.000000000000000000e+00 -2.949920399999999887e+00 0.000000000000000000e+00 0.000000000000000000e+00 1.000000000000000000e+00 0.000000000000000000e+00
8.572835580326786387e-01 -5.148445407371344817e-01 0.000000000000000000e+00 -4.734554000000000151e+00 5.148445407371344817e-01 8.572835580326786387e-01 0.000000000000000000e+00 -2.435970000000000191e+00 0.000000000000000000e+00 0.000000000000000000e+00 1.000000000000000000e+00 0.000000000000000000e+00
5.293990279956179990e-01 -8.483729540463290641e-01 0.000000000000000000e+00 -5.203896499999999925e+00 8.483729540463290641e-01 5.293990279956179990e-01 0.000000000000000000e+00 -1.850334799999999946e+00 0.000000000000000000e+00 0.000000000000000000e+00 1.000000000000000000e+00 0.000000000000000000e+00
9.551681548260059981e-03 -9.999543816492834081e-01 0.000000000000000000e+00 -5.555365000000000109e+00 9.999543816492834081e-01 9.551681548260059981e-03 0.000000000000000000e+00 -1.695793499999999954e+00 0.000000000000000000e+00 0.000000000000000000e+00 1.000000000000000000e+00 0.000000000000000000e+00
-5.819627450734022878e-01 -8.132154470659237466e-01 0.000000000000000000e+00 -6.154562499999999936e+00 8.132154470659237466e-01 -5.819627450734022878e-01 0.000000000000000000e+00 -1.673108700000000004e+00 0.000000000000000000e+00 0.000000000000000000e+00 1.000000000000000000e+00 0.000000000000000000e+00
-8.783047987287693203e-01 -4.781011195657420276e-01 0.000000000000000000e+00 -6.643307700000000260e+00 4.781011195657420276e-01 -8.783047987287693203e-01 0.000000000000000000e+00 -2.062437500000000146e+00 0.000000000000000000e+00 0.000000000000000000e+00 1.000000000000000000e+00 0.000000000000000000e+00
-9.730247833247374079e-01 -2.307006090929276942e-01 0.000000000000000000e+00 -6.995391399999999926e+00 2.307006090929276942e-01 -9.730247833247374079e-01 0.000000000000000000e+00 -2.591408700000000120e+00 0.000000000000000000e+00 0.000000000000000000e+00 1.000000000000000000e+00 0.000000000000000000e+00
-9.986002673883846992e-01 5.289145462025622579e-02 0.000000000000000000e+00 -7.173831500000000361e+00 -5.289145462025622579e-02 -9.986002673883846992e-01 0.000000000000000000e+00 -2.825087799999999927e+00 0.000000000000000000e+00 0.000000000000000000e+00 1.000000000000000000e+00 0.000000000000000000e+00
9.848705309635074068e-01 -1.732917691053414144e-01 0.000000000000000000e+00 -6.952392599999999589e+00 1.732917691053414144e-01 9.848705309635074068e-01 0.000000000000000000e+00 -3.322705299999999973e+00 0.000000000000000000e+00 0.000000000000000000e+00 1.000000000000000000e+00 0.000000000000000000e+00
