1.000000000000000000e+00 -0.000000000000000000e+00 0.000000000000000000e+00 -8.000000000000000000e+00 0.000000000000000000e+00 1.000000000000000000e+00 0.000000000000000000e+00 5.000000000000000000e+00 0.000000000000000000e+00 0.000000000000000000e+00 1.000000000000000000e+00 0.000000000000000000e+00
1.000000000000000000e+00 -0.000000000000000000e+00 0.000000000000000000e+00 -8.000000000000000000e+00 0.000000000000000000e+00 1.000000000000000000e+00 0.000000000000000000e+00 4.549999999999999822e+00 0.000000000000000000e+00 0.000000000000000000e+00 1.000000000000000000e+00 0.000000000000000000e+00
1.000000000000000000e+00 -0.000000000000000000e+00 0.000000000000000000e+00 -8.000000000000000000e+00 0.000000000000000000e+00 1.000000000000000000e+00 0.000000000000000000e+00 4.100000399999999878e+00 0.000000000000000000e+00 0.000000000000000000e+00 1.000000000000000000e+00 0.000000000000000000e+00
1.000000000000000000e+00 -0.000000000000000000e+00 0.000000000000000000e+00 -8.000000000000000000e+00 0.000000000000000000e+00 1.000000000000000000e+00 0.000000000000000000e+00 3.650000299999999864e+00 0.000000000000000000e+00 0.000000000000000000e+00 1.000000000000000000e+00 0.000000000000000000e+00
1.000000000000000000e+00 -0.000000000000000000e+00 0.000000000000000000e+00 -8.000000000000000000e+00 0.000000000000000000e+00 1.000000000000000000e+00 0.000000000000000000e+00 3.200000300000000131e+00 0.000000000000000000e+00 0.000000000000000000e+00 1.000000000000000000e+00 0.000000000000000000e+00
1.000000000000000000e+00 -0.000000000000000000e+00 0.000000000000000000e+00 -8.000000000000000000e+00 0.000000000000000000e+00 1.000000000000000000e+00 0.000000000000000000e+00 2.573595000000000077e+00 0.000000000000000000e+00 0.000000000000000000e+00 1.000000000000000000e+00 0.000000000000000000e+00
1.000000000000000000e+00 -0.000000000000000000e+00 0.000000000000000000e+00 -8.000000000000000000e+00 0.000000000000000000e+00 1.000000000000000000e+00 0.000000000000000000e+00 1.920981199999999944e+00 0.000000000000000000e+00 0.000000000000000000e+00 1.000000000000000000e+00 0.000000000000000000e+00
1.000000000000000000e+00 -0.000000000000000000e+00 0.000000000000000000e+00 -8.000000000000000000e+00 0.000000000000000000e+00 1.000000000000000000e+00 0.000000000000000000e+00 1.375969999999999915e+00 0.000000000000000000e+00 0.000000000000000000e+00 1.000000000000000000e+00 0.000000000000000000e+00
1.000000000000000000e+00 -0.000000000000000000e+00 0.000000000000000000e+00 -8.000000000000000000e+00 0.000000000000000000e+00 1.000000000000000000e+00 0.000000000000000000e+00 8.847890499999999658e-01 0.000000000000000000e+00 0.000000000000000000e+00 1.000000000000000000e+00 0.000000000000000000e+00
1.000000000000000000e+00 -0.000000000000000000e+00 0.000000000000000000e+00 -8.000000000000000000e+00 0.000000000000000000e+00 1.000000000000000000e+00 0.000000000000000000e+00 3.651305699999999876e-01 0.000000000000000000e+00 0.000000000000000000e+00 1.000000000000000000e+00 0.000000000000000000e+00
1.000000000000000000e+00 -0.000000000000000000e+00 0.000000000000000000e+00 -8.000000000000000000e+00 0.000000000000000000e+00 1.000000000000000000e+00 0.000000000000000000e+00 -8.376356999999999553e-02 0.000000000000000000e+00 0.000000000000000000e+00 1.000000000000000000e+00 0.000000000000000000e+00
1.000000000000000000e+00 -0.000000000000000000e+00 0.000000000000000000e+00 -8.000000000000000000e+00 0.000000000000000000e+00 1.000000000000000000e+00 0.000000000000000000e+00 -5.725230999999999515e-01 0.000000000000000000e+00 0.000000000000000000e+00 1.000000000000000000e+00 0.000000000000000000e+00
1.000000000000000000e+00 -0.000000000000000000e+00 0.000000000000000000e+00 -8.000000000000000000e+00 0.000000000000000000e+00 1.000000000000000000e+00 0.000000000000000000e+00 -1.093804199999999893e+00 0.000000000000000000e+00 0.000000000000000000e+00 1.000000000000000000e+00 0.000000000000000000e+00
1.000000000000000000e+00 -0.000000000000000000e+00 0.000000000000000000e+00 -8.000000000000000000e+00 0.000000000000000000e+00 1.000000000000000000e+00 0.000000000000000000e+00 -1.736314200000000030e+00 0.000000000000000000e+00 0.000000000000000000e+00 1.000000000000000000e+00 0.000000000000000000e+00
1.000000000000000000e+00 -0.000000000000000000e+00 0.000000000000000000e+00 -8.000000000000000000e+00 0.000000000000000000e+00 1.000000000000000000e+00 0.000000000000000000e+00 -2.186980000000000146e+00 0.000000000000000000e+00 0.000000000000000000e+00 1.000000000000000000e+00 0.000000000000000000e+00
1.000000000000000000e+00 -0.000000000000000000e+00 0.000000000000000000e+00 -8.000000000000000000e+00 0.000000000000000000e+00 1.000000000000000000e+00 0.000000000000000000e+00 -2.653105699999999789e+00 0.000000000000000000e+00 0.000000000000000000e+00 1.000000000000000000e+00 0.000000000000000000e+00
1.000000000000000000e+00 -0.000000000000000000e+00 0.000000000000000000e+00 -8.000000000000000000e+00 0.000000000000000000e+00 1.000000000000000000e+00 0.000000000000000000e+00 -2.899829099999999826e+00 0.000000000000000000e+00 0.000000000000000000e+00 1.000000000000000000e+00 0.000000000000000000e+00
1.000000000000000000e+00 -0.000000000000000000e+00 0.000000000000000000e+00 -8.000000000000000000e+00 0.000000000000000000e+00 1.000000000000000000e+00 0.000000000000000000e+00 -3.481482699999999930e+00 0.000000000000000000e+00 0.000000000000000000e+00 1.000000000000000000e+00 0.000000000000000000e+00
1.000000000000000000e+00 -0.000000000000000000e+00 0.000000000000000000e+00 -8.000000000000000000e+00 0.000000000000000000e+00 1.000000000000000000e+00 0.000000000000000000e+00 -3.883997400000000155e+00 0.000000000000000000e+00 0.000000000000000000e+00 1.000000000000000000e+00 0.000000000000000000e+00
1.000000000000000000e+00 -0.000000000000000000e+00 0.000000000000000000e+00 -8.000000000000000000e+00 0.000000000000000000e+00 1.000000000000000000e+00 0.000000000000000000e+00 -4.205594500000000124e+00 0.000000000000000000e+00 0.000000000000000000e+00 1.000000000000000000e+00 0.000000000000000000e+00
1.000000000000000000e+00 -0.000000000000000000e+00 0.000000000000000000e+00 -8.000000000000000000e+00 0.000000000000000000e+00 1.000000000000000000e+00 0.000000000000000000e+00 -4.124210999999999849e+00 0.000000000000000000e+00 0.000000000000000000e+00 1.000000000000000000e+00 0.000000000000000000e+00
9.965844930796652346e-01 -8.257934459140950367e-02 0.000000000000000000e+00 -7.965903299999999909e+00 8.257934459140950367e-02 9.965844930796652346e-01 0.000000000000000000e+00 -4.369901999999999731e+00 0.000000000000000000e+00 0.000000000000000000e+00 1.000000000000000000e+00 0.000000000000000000e+00
9.694002665903151961e-01 -2.454854845701185118e-01 0.000000000000000000e+00 -7.864543000000000283e+00 2.454854845701185118e-01 9.694002665903151961e-01 0.000000000000000000e+00 -4.805900600000000189e+00 0.000000000000000000e+00 0.000000000000000000e+00 1.000000000000000000e+00 0.000000000000000000e+00
9.157733284304345744e-01 -4.016954206055172727e-01 0.000000000000000000e+00 -7.698684000000000083e+00 4.016954206055172727e-01 9.157733284304345744e-01 0.000000000000000000e+00 -5.224447699999999806e+00 0.000000000000000000e+00 0.000000000000000000e+00 1.000000000000000000e+00 0.000000000000000000e+00
8.371664816468213921e-01 -5.469481529423809718e-01 0.000000000000000000e+00 -7.472851300000000307e+00 5.469481529423809718e-01 8.371664816468213921e-01 0.000000000000000000e+00 -5.661865699999999890e+00 0.000000000000000000e+00 0.000000000000000000e+00 1.000000000000000000e+00 0.000000000000000000e+00
7.357239228340454185e-01 -6.772815584154668889e-01 0.000000000000000000e+00 -7.193203999999999709e+00 6.772815584154668889e-01 7.357239228340454185e-01 0.000000000000000000e+00 -5.997283499999999989e+00 0.000000000000000000e+00 0.000000000000000000e+00 1.000000000000000000e+00 0.000000000000000000e+00
6.142127124713608888e-01 -7.891405095663086566e-01 0.000000000000000000e+00 -6.867370600000000103e+00 7.891405095663086566e-01 6.142127124713608888e-01 0.000000000000000000e+00 -6.212844399999999823e+00 0.000000000000000000e+00 0.000000000000000000e+00 1.000000000000000000e+00 0.000000000000000000e+00
4.759473767591094195e-01 -8.794737600156825597e-01 0.000000000000000000e+00 -6.504238599999999870e+00 8.794737600156825597e-01 4.759473767591094195e-01 0.000000000000000000e+00 -6.411565300000000356e+00 0.000000000000000000e+00 0.000000000000000000e+00 1.000000000000000000e+00 0.000000000000000000e+00
3.246994344545338640e-01 -9.458172536303753875e-01 0.000000000000000000e+00 -6.113713699999999918e+00 9.458172536303753875e-01 3.246994344545338640e-01 0.000000000000000000e+00 -6.742542300000000211e+00 0.000000000000000000e+00 0.000000000000000000e+00 1.000000000000000000e+00 0.000000000000000000e+00
1.645945360575063465e-01 -9.863613124509771346e-01 0.000000000000000000e+00 -5.706448599999999871e+00 9.863613124509771346e-01 1.645945360575063465e-01 0.000000000000000000e+00 -7.214185699999999812e+00 0.000000000000000000e+00 0.000000000000000000e+00 1.000000000000000000e+00 0.000000000000000000e+00
1.961531008125620167e-08 9.999999999999997780e-01 0.000000000000000000e+00 -5.293551400000000129e+00 -9.999999999999997780e-01 1.961531008125620167e-08 0.000000000000000000e+00 -7.472227000000000174e+00 0.000000000000000000e+00 0.000000000000000000e+00 1.000000000000000000e+00 0.000000000000000000e+00
1.645946276119701346e-01 9.863612971732400592e-01 0.000000000000000000e+00 -4.886286300000000082e+00 -9.863612971732400592e-01 1.645946276119701346e-01 0.000000000000000000e+00 -7.707050999999999874e+00 0.000000000000000000e+00 0.000000000000000000e+00 1.000000000000000000e+00 0.000000000000000000e+00
3.246992385004996984e-01 9.458173209014495431e-01 0.000000000000000000e+00 -4.495761400000000130e+00 -9.458173209014495431e-01 3.246992385004996984e-01 0.000000000000000000e+00 -7.882332299999999847e+00 0.000000000000000000e+00 0.000000000000000000e+00 1.000000000000000000e+00 0.000000000000000000e+00
4.759474583922252422e-01 8.794737158380465658e-01 0.000000000000000000e+00 -4.132629399999999897e+00 -8.794737158380465658e-01 4.759474583922252422e-01 0.000000000000000000e+00 -8.134178999999999604e+00 0.000000000000000000e+00 0.000000000000000000e+00 1.000000000000000000e+00 0.000000000000000000e+00
6.142127857197063889e-01 7.891404525548275650e-01 0.000000000000000000e+00 -3.806795999999999847e+00 -7.891404525548275650e-01 6.142127857197063889e-01 0.000000000000000000e+00 -8.118518999999999153e+00 0.000000000000000000e+00 0.000000000000000000e+00 1.000000000000000000e+00 0.000000000000000000e+00
7.357239856995967386e-01 6.772814901252651731e-01 0.000000000000000000e+00 -3.527148700000000137e+00 -6.772814901252651731e-01 7.357239856995967386e-01 0.000000000000000000e+00 -8.210875500000000216e+00 0.000000000000000000e+00 0.000000000000000000e+00 1.000000000000000000e+00 0.000000000000000000e+00
8.371663300439261546e-01 5.469483849878195025e-01 0.000000000000000000e+00 -3.301315499999999847e+00 -5.469483849878195025e-01 8.371663300439261546e-01 0.000000000000000000e+00 -8.147633000000000791e+00 0.000000000000000000e+00 0.000000000000000000e+00 1.000000000000000000e+00 0.000000000000000000e+00
9.157732652921030114e-01 4.016955645463857194e-01 0.000000000000000000e+00 -3.135456800000000044e+00 -4.016955645463857194e-01 9.157732652921030114e-01 0.000000000000000000e+00 -8.117900000000000560e+00 0.000000000000000000e+00 0.000000000000000000e+00 1.000000000000000000e+00 0.000000000000000000e+00
9.694003065603504776e-01 2.454853267319628829e-01 0.000000000000000000e+00 -3.034096700000000091e+00 -2.454853267319628829e-01 9.694003065603504776e-01 0.000000000000000000e+00 -8.041999999999999815e+00 0.000000000000000000e+00 0.000000000000000000e+00 1.000000000000000000e+00 0.000000000000000000e+00
9.965845081768384128e-01 8.257916239541919501e-02 0.000000000000000000e+00 -3.000000000000000000e+00 -8.257916239541919501e-02 9.965845081768384128e-01 0.000000000000000000e+00 -7.789699599999999613e+00 0.000000000000000000e+00 0.000000000000000000e+00 1.000000000000000000e+00 0.000000000000000000e+00
-9.999999999999988898e-01 4.641020666628482105e-08 0.000000000000000000e+00 -3.000000000000000000e+00 -4.641020666628482105e-08 -9.999999999999988898e-01 0.000000000000000000e+00 -7.864057999999999993e+00 0.000000000000000000e+00 0.000000000000000000e+00 1.000000000000000000e+00 0.000000000000000000e+00
9.999999999999814593e-01 -1.928204136129998000e-07 0.000000000000000000e+00 -3.000000000000000000e+00 1.928204136129998000e-07 9.999999999999814593e-01 0.000000000000000000e+00 -7.350412000000000390e+00 0.000000000000000000e+00 0.000000000000000000e+00 1.000000000000000000e+00 0.000000000000000000e+00
9.999999999999814593e-01 -1.928204136129998000e-07 0.000000000000000000e+00 -3.000000000000000000e+00 1.928204136129998000e-07 9.999999999999814593e-01 0.000000000000000000e+00 -6.999457999999999736e+00 0.000000000000000000e+00 0.000000000000000000e+00 1.000000000000000000e+00 0.000000000000000000e+00
9.999999999999814593e-01 -1.928204136129998000e-07 0.000000000000000000e+00 -3.000000000000000000e+00 1.928204136129998000e-07 9.999999999999814593e-01 0.000000000000000000e+00 -6.607045699999999577e+00 0.000000000000000000e+00 0.000000000000000000e+00 1.000000000000000000e+00 0.000000000000000000e+00
9.999999999999814593e-01 -1.928204136129998000e-07 0.000000000000000000e+00 -3.000000000000000000e+00 1.928204136129998000e-07 9.999999999999814593e-01 0.000000000000000000e+00 -6.183240999999999765e+00 0.000000000000000000e+00 0.000000000000000000e+00 1.000000000000000000e+00 0.000000000000000000e+00
9.999999999999814593e-01 -1.928204136129998000e-07 0.000000000000000000e+00 -3.000000000000000000e+00 1.928204136129998000e-07 9.999999999999814593e-01 0.000000000000000000e+00 -5.714964400000000389e+00 0.000000000000000000e+00 0.000000000000000000e+00 1.000000000000000000e+00 0.000000000000000000e+00
9.999999999999814593e-01 -1.928204136129998000e-07 0.000000000000000000e+00 -3.000000000000000000e+00 1.928204136129998000e-07 9.999999999999814593e-01 0.000000000000000000e+00 -5.347699999999999676e+00 0.000000000000000000e+00 0.000000000000000000e+00 1.000000000000000000e+00 0.000000000000000000e+00
9.999999999999814593e-01 -1.928204136129998000e-07 0.000000000000000000e+00 -3.000000000000000000e+00 1.928204136129998000e-07 9.999999999999814593e-01 0.000000000000000000e+00 -4.915338000000000207e+00 0.000000000000000000e+00 0.000000000000000000e+00 1.000000000000000000e+00 0.000000000000000000e+00
9.999999999999814593e-01 -1.928204136129998000e-07 0.000000000000000000e+00 -3.000000000000000000e+00 1.928204136129998000e-07 9.999999999999814593e-01 0.000000000000000000e+00 -4.455384999999999707e+00 0.000000000000000000e+00 0.000000000000000000e+00 1.000000000000000000e+00 0.000000000000000000e+00
9.999999999999814593e-01 -1.928204136129998000e-07 0.000000000000000000e+00 -3.000000000000000000e+00 1.928204136129998000e-07 9.999999999999814593e-01 0.000000000000000000e+00 -3.909194199999999952e+00 0.000000000000000000e+00 0.000000000000000000e+00 1.000000000000000000e+00 0.000000000000000000e+00
9.999999999999814593e-01 -1.928204136129998000e-07 0.000000000000000000e+00 -3.000000000000000000e+00 1.928204136129998000e-07 9.999999999999814593e-01 0.000000000000000000e+00 -3.519342200000000087e+00 0.000000000000000000e+00 0.000000000000000000e+00 1.000000000000000000e+00 0.000000000000000000e+00
9.999999999999814593e-01 -1.928204136129998000e-07 0.000000000000000000e+00 -3.000000000000000000e+00 1.928204136129998000e-07 9.999999999999814593e-01 0.000000000000000000e+00 -3.049562200000000001e+00 0.000000000000000000e+00 0.000000000000000000e+00 1.000000000000000000e+00 0.000000000000000000e+00
9.999999999999814593e-01 -1.928204136129998000e-07 0.000000000000000000e+00 -3.000000000000000000e+00 1.928204136129998000e-07 9.999999999999814593e-01 0.000000000000000000e+00 -2.657900300000000104e+00 0.000000000000000000e+00 0.000000000000000000e+00 1.000000000000000000e+00 0.000000000000000000e+00
9.999999999999814593e-01 -1.928204136129998000e-07 0.000000000000000000e+00 -3.000000000000000000e+00 1.928204136129998000e-07 9.999999999999814593e-01 0.000000000000000000e+00 -2.461166400000000198e+00 0.000000000000000000e+00 0.000000000000000000e+00 1.000000000000000000e+00 0.000000000000000000e+00
9.999999999999814593e-01 -1.928204136129998000e-07 0.000000000000000000e+00 -3.000000000000000000e+00 1.928204136129998000e-07 9.999999999999814593e-01 0.000000000000000000e+00 -2.059637299999999893e+00 0.000000000000000000e+00 0.000000000000000000e+00 1.000000000000000000e+00 0.000000000000000000e+00
9.999999999999814593e-01 -1.928204136129998000e-07 0.000000000000000000e+00 -3.000000000000000000e+00 1.928204136129998000e-07 9.999999999999814593e-01 0.000000000000000000e+00 -1.728084399999999965e+00 0.000000000000000000e+00 0.000000000000000000e+00 1.000000000000000000e+00 0.000000000000000000e+00
9.999999999999814593e-01 -1.928204136129998000e-07 0.000000000000000000e+00 -3.000000000000000000e+00 1.928204136129998000e-07 9.999999999999814593e-01 0.000000000000000000e+00 -1.258598899999999965e+00 0.000000000000000000e+00 0.000000000000000000e+00 1.000000000000000000e+00 0.000000000000000000e+00
9.999999999999814593e-01 -1.928204136129998000e-07 0.000000000000000000e+00 -3.000000000000000000e+00 1.928204136129998000e-07 9.999999999999814593e-01 0.000000000000000000e+00 -8.957078499999999721e-01 0.000000000000000000e+00 0.000000000000000000e+00 1.000000000000000000e+00 0.000000000000000000e+00
9.999999999999814593e-01 -1.928204136129998000e-07 0.000000000000000000e+00 -3.000000000000000000e+00 1.928204136129998000e-07 9.999999999999814593e-01 0.000000000000000000e+00 -4.927006400000000230e-01 0.000000000000000000e+00 0.000000000000000000e+00 1.000000000000000000e+00 0.000000000000000000e+00
9.999999999999814593e-01 -1.928204136129998000e-07 0.000000000000000000e+00 -3.000000000000000000e+00 1.928204136129998000e-07 9.999999999999814593e-01 0.000000000000000000e+00 -1.727923199999999992e-01 0.000000000000000000e+00 0.000000000000000000e+00 1.000000000000000000e+00 0.000000000000000000e+00
1.961531008125620167e-08 9.999999999999997780e-01 0.000000000000000000e+00 -3.000000000000000000e+00 -9.999999999999997780e-01 1.961531008125620167e-08 0.000000000000000000e+00 -1.648823899999999898e-01 0.000000000000000000e+00 0.000000000000000000e+00 1.000000000000000000e+00 0.000000000000000000e+00
9.965844930796652346e-01 -8.257934459140950367e-02 0.000000000000000000e+00 -3.035460699999999790e+00 8.257934459140950367e-02 9.965844930796652346e-01 0.000000000000000000e+00 1.987806599999999979e-01 0.000000000000000000e+00 0.000000000000000000e+00 1.000000000000000000e+00 0.000000000000000000e+00
9.694002665903151961e-01 -2.454854845701185118e-01 0.000000000000000000e+00 -3.140874999999999861e+00 2.454854845701185118e-01 9.694002665903151961e-01 0.000000000000000000e+00 4.775541400000000158e-01 0.000000000000000000e+00 0.000000000000000000e+00 1.000000000000000000e+00 0.000000000000000000e+00
9.157733284304345744e-01 -4.016954206055172727e-01 0.000000000000000000e+00 -3.313368300000000044e+00 4.016954206055172727e-01 9.157733284304345744e-01 0.000000000000000000e+00 9.014203499999999813e-01 0.000000000000000000e+00 0.000000000000000000e+00 1.000000000000000000e+00 0.000000000000000000e+00
8.371664816468213921e-01 -5.469481529423809718e-01 0.000000000000000000e+00 -3.548234700000000075e+00 5.469481529423809718e-01 8.371664816468213921e-01 0.000000000000000000e+00 1.381086100000000094e+00 0.000000000000000000e+00 0.000000000000000000e+00 1.000000000000000000e+00 0.000000000000000000e+00
7.357239228340454185e-01 -6.772815584154668889e-01 0.000000000000000000e+00 -3.839068000000000147e+00 6.772815584154668889e-01 7.357239228340454185e-01 0.000000000000000000e+00 1.884704099999999993e+00 0.000000000000000000e+00 0.000000000000000000e+00 1.000000000000000000e+00 0.000000000000000000e+00
6.142127124713608888e-01 -7.891405095663086566e-01 0.000000000000000000e+00 -4.177934600000000387e+00 7.891405095663086566e-01 6.142127124713608888e-01 0.000000000000000000e+00 2.506322100000000219e+00 0.000000000000000000e+00 0.000000000000000000e+00 1.000000000000000000e+00 0.000000000000000000e+00
4.759473767591094195e-01 -8.794737600156825597e-01 0.000000000000000000e+00 -4.555591999999999864e+00 8.794737600156825597e-01 4.759473767591094195e-01 0.000000000000000000e+00 3.037370399999999915e+00 0.000000000000000000e+00 0.000000000000000000e+00 1.000000000000000000e+00 0.000000000000000000e+00
3.246994344545338640e-01 -9.458172536303753875e-01 0.000000000000000000e+00 -4.961737600000000192e+00 9.458172536303753875e-01 3.246994344545338640e-01 0.000000000000000000e+00 3.339752199999999949e+00 0.000000000000000000e+00 0.000000000000000000e+00 1.000000000000000000e+00 0.000000000000000000e+00
1.645945360575063465e-01 -9.863613124509771346e-01 0.000000000000000000e+00 -5.385293500000000400e+00 9.863613124509771346e-01 1.645945360575063465e-01 0.000000000000000000e+00 3.767119199999999779e+00 0.000000000000000000e+00 0.000000000000000000e+00 1.000000000000000000e+00 0.000000000000000000e+00
-7.320510347335801227e-08 9.999999999999973355e-01 0.000000000000000000e+00 -5.814706300000000105e+00 -9.999999999999973355e-01 -7.320510347335801227e-08 0.000000000000000000e+00 4.198777999999999899e+00 0.000000000000000000e+00 0.000000000000000000e+00 1.000000000000000000e+00 0.000000000000000000e+00
1.645945360575063465e-01 9.863613124509771346e-01 0.000000000000000000e+00 -6.238261999999999752e+00 -9.863613124509771346e-01 1.645945360575063465e-01 0.000000000000000000e+00 4.678621299999999650e+00 0.000000000000000000e+00 0.000000000000000000e+00 1.000000000000000000e+00 0.000000000000000000e+00
3.246994344545338640e-01 9.458172536303753875e-01 0.000000000000000000e+00 -6.644408000000000314e+00 -9.458172536303753875e-01 3.246994344545338640e-01 0.000000000000000000e+00 4.908526000000000167e+00 0.000000000000000000e+00 0.000000000000000000e+00 1.000000000000000000e+00 0.000000000000000000e+00
4.759473767591094195e-01 8.794737600156825597e-01 0.000000000000000000e+00 -7.022064999999999557e+00 -8.794737600156825597e-01 4.759473767591094195e-01 0.000000000000000000e+00 5.306136999999999659e+00 0.000000000000000000e+00 0.000000000000000000e+00 1.000000000000000000e+00 0.000000000000000000e+00
6.142127124713608888e-01 7.891405095663086566e-01 0.000000000000000000e+00 -7.360932000000000031e+00 -7.891405095663086566e-01 6.142127124713608888e-01 0.000000000000000000e+00 5.416170000000000151e+00 0.000000000000000000e+00 0.000000000000000000e+00 1.000000000000000000e+00 0.000000000000000000e+00
7.357239228340454185e-01 6.772815584154668889e-01 0.000000000000000000e+00 -7.651765300000000103e+00 -6.772815584154668889e-01 7.357239228340454185e-01 0.000000000000000000e+00 5.536096599999999590e+00 0.000000000000000000e+00 0.000000000000000000e+00 1.000000000000000000e+00 0.000000000000000000e+00
8.371664816468213921e-01 5.469481529423809718e-01 0.000000000000000000e+00 -7.886631999999999643e+00 -5.469481529423809718e-01 8.371664816468213921e-01 0.000000000000000000e+00 5.628082799999999608e+00 0.000000000000000000e+00 0.000000000000000000e+00 1.000000000000000000e+00 0.000000000000000000e+00
9.157733284304345744e-01 4.016954206055172727e-01 0.000000000000000000e+00 -8.059124999999999872e+00 -4.016954206055172727e-01 9.157733284304345744e-01 0.000000000000000000e+00 5.544437000000000282e+00 0.000000000000000000e+00 0.000000000000000000e+00 1.000000000000000000e+00 0.000000000000000000e+00
9.694002665903151961e-01 2.454854845701185118e-01 0.000000000000000000e+00 -8.164538999999999547e+00 -2.454854845701185118e-01 9.694002665903151961e-01 0.000000000000000000e+00 5.431096000000000146e+00 0.000000000000000000e+00 0.000000000000000000e+00 1.000000000000000000e+00 0.000000000000000000e+00
9.965844930796652346e-01 8.257934459140950367e-02 0.000000000000000000e+00 -8.199999999999999289e+00 -8.257934459140950367e-02 9.965844930796652346e-01 0.000000000000000000e+00 5.156226600000000104e+00 0.000000000000000000e+00 0.000000000000000000e+00 1.000000000000000000e+00 0.000000000000000000e+00
1.000000000000000000e+00 -0.000000000000000000e+00 0.000000000000000000e+00 -8.199999999999999289e+00 0.000000000000000000e+00 1.000000000000000000e+00 0.000000000000000000e+00 5.139414999999999623e+00 0.000000000000000000e+00 0.000000000000000000e+00 1.000000000000000000e+00 0.000000000000000000e+00
1.000000000000000000e+00 -0.000000000000000000e+00 0.000000000000000000e+00 -8.199999999999999289e+00 0.000000000000000000e+00 1.000000000000000000e+00 0.000000000000000000e+00 4.890444800000000036e+00 0.000000000000000000e+00 0.000000000000000000e+00 1.000000000000000000e+00 0.000000000000000000e+00
1.000000000000000000e+00 -0.000000000000000000e+00 0.000000000000000000e+00 -8.199999999999999289e+00 0.000000000000000000e+00 1.000000000000000000e+00 0.000000000000000000e+00 4.727235300000000251e+00 0.000000000000000000e+00 0.000000000000000000e+00 1.000000000000000000e+00 0.000000000000000000e+00
1.000000000000000000e+00 -0.000000000000000000e+00 0.000000000000000000e+00 -8.199999999999999289e+00 0.000000000000000000e+00 1.000000000000000000e+00 0.000000000000000000e+00 4.457475699999999819e+00 0.000000000000000000e+00 0.000000000000000000e+00 1.000000000000000000e+00 0.000000000000000000e+00
1.000000000000000000e+00 -0.000000000000000000e+00 0.000000000000000000e+00 -8.199999999999999289e+00 0.000000000000000000e+00 1.000000000000000000e+00 0.000000000000000000e+00 4.221181999999999768e+00 0.000000000000000000e+00 0.000000000000000000e+00 1.000000000000000000e+00 0.000000000000000000e+00
1.000000000000000000e+00 -0.000000000000000000e+00 0.000000000000000000e+00 -8.199999999999999289e+00 0.000000000000000000e+00 1.000000000000000000e+00 0.000000000000000000e+00 3.939588300000000043e+00 0.000000000000000000e+00 0.000000000000000000e+00 1.000000000000000000e+00 0.000000000000000000e+00
1.000000000000000000e+00 -0.000000000000000000e+00 0.000000000000000000e+00 -8.199999999999999289e+00 0.000000000000000000e+00 1.000000000000000000e+00 0.000000000000000000e+00 3.635020700000000105e+00 0.000000000000000000e+00 0.000000000000000000e+00 1.000000000000000000e+00 0.000000000000000000e+00
1.000000000000000000e+00 -0.000000000000000000e+00 0.000000000000000000e+00 -8.199999999999999289e+00 0.000000000000000000e+00 1.000000000000000000e+00 0.000000000000000000e+00 3.212936200000000131e+00 0.000000000000000000e+00 0.000000000000000000e+00 1.000000000000000000e+00 0.000000000000000000e+00
1.000000000000000000e+00 -0.000000000000000000e+00 0.000000000000000000e+00 -8.199999999999999289e+00 0.000000000000000000e+00 1.000000000000000000e+00 0.000000000000000000e+00 2.995851500000000112e+00 0.000000000000000000e+00 0.000000000000000000e+00 1.000000000000000000e+00 0.000000000000000000e+00
1.000000000000000000e+00 -0.000000000000000000e+00 0.000000000000000000e+00 -8.199999999999999289e+00 0.000000000000000000e+00 1.000000000000000000e+00 0.000000000000000000e+00 2.817848399999999920e+00 0.000000000000000000e+00 0.000000000000000000e+00 1.000000000000000000e+00 0.000000000000000000e+00
1.000000000000000000e+00 -0.000000000000000000e+00 0.000000000000000000e+00 -8.199999999999999289e+00 0.000000000000000000e+00 1.000000000000000000e+00 0.000000000000000000e+00 2.616008499999999959e+00 0.000000000000000000e+00 0.000000000000000000e+00 1.000000000000000000e+00 0.000000000000000000e+00
1.000000000000000000e+00 -0.000000000000000000e+00 0.000000000000000000e+00 -8.199999999999999289e+00 0.000000000000000000e+00 1.000000000000000000e+00 0.000000000000000000e+00 2.439164200000000005e+00 0.000000000000000000e+00 0.000000000000000000e+00 1.000000000000000000e+00 0.000000000000000000e+00
1.000000000000000000e+00 -0.000000000000000000e+00 0.000000000000000000e+00 -8.199999999999999289e+00 0.000000000000000000e+00 1.000000000000000000e+00 0.000000000000000000e+00 2.403962599999999838e+00 0.000000000000000000e+00 0.000000000000000000e+00 1.000000000000000000e+00 0.000000000000000000e+00
1.000000000000000000e+00 -0.000000000000000000e+00 0.000000000000000000e+00 -8.199999999999999289e+00 0.000000000000000000e+00 1.000000000000000000e+00 0.000000000000000000e+00 2.320316599999999951e+00 0.000000000000000000e+00 0.000000000000000000e+00 1.000000000000000000e+00 0.000000000000000000e+00
1.000000000000000000e+00 -0.000000000000000000e+00 0.000000000000000000e+00 -8.199999999999999289e+00 0.000000000000000000e+00 1.000000000000000000e+00 0.000000000000000000e+00 2.219847699999999868e+00 0.000000000000000000e+00 0.000000000000000000e+00 1.000000000000000000e+00 0.000000000000000000e+00
1.000000000000000000e+00 -0.000000000000000000e+00 0.000000000000000000e+00 -8.199999999999999289e+00 0.000000000000000000e+00 1.000000000000000000e+00 0.000000000000000000e+00 2.345234399999999830e+00 0.000000000000000000e+00 0.000000000000000000e+00 1.000000000000000000e+00 0.000000000000000000e+00
1.000000000000000000e+00 -0.000000000000000000e+00 0.000000000000000000e+00 -8.199999999999999289e+00 0.000000000000000000e+00 1.000000000000000000e+00 0.000000000000000000e+00 2.152602400000000138e+00 0.000000000000000000e+00 0.000000000000000000e+00 1.000000000000000000e+00 0.000000000000000000e+00
1.000000000000000000e+00 -0.000000000000000000e+00 0.000000000000000000e+00 -8.199999999999999289e+00 0.000000000000000000e+00 1.000000000000000000e+00 0.000000000000000000e+00 1.928615100000000027e+00 0.000000000000000000e+00 0.000000000000000000e+00 1.000000000000000000e+00 0.000000000000000000e+00
1.000000000000000000e+00 -0.000000000000000000e+00 0.000000000000000000e+00 -8.199999999999999289e+00 0.000000000000000000e+00 1.000000000000000000e+00 0.000000000000000000e+00 1.789744299999999955e+00 0.000000000000000000e+00 0.000000000000000000e+00 1.000000000000000000e+00 0.000000000000000000e+00
1.000000000000000000e+00 -0.000000000000000000e+00 0.000000000000000000e+00 -8.199999999999999289e+00 0.000000000000000000e+00 1.000000000000000000e+00 0.000000000000000000e+00 1.500371200000000016e+00 0.000000000000000000e+00 0.000000000000000000e+00 1.000000000000000000e+00 0.000000000000000000e+00
1.000000000000000000e+00 -0.000000000000000000e+00 0.000000000000000000e+00 -8.199999999999999289e+00 0.000000000000000000e+00 1.000000000000000000e+00 0.000000000000000000e+00 1.579539100000000085e+00 0.000000000000000000e+00 0.000000000000000000e+00 1.000000000000000000e+00 0.000000000000000000e+00
9.965844930796652346e-01 -8.257934459140950367e-02 0.000000000000000000e+00 -8.163175999999999988e+00 8.257934459140950367e-02 9.965844930796652346e-01 0.000000000000000000e+00 1.205465599999999915e+00 0.000000000000000000e+00 0.000000000000000000e+00 1.000000000000000000e+00 0.000000000000000000e+00
9.694002665903151961e-01 -2.454854845701185118e-01 0.000000000000000000e+00 -8.053706000000000031e+00 2.454854845701185118e-01 9.694002665903151961e-01 0.000000000000000000e+00 7.570210699999999626e-01 0.000000000000000000e+00 0.000000000000000000e+00 1.000000000000000000e+00 0.000000000000000000e+00
9.157733284304345744e-01 -4.016954206055172727e-01 0.000000000000000000e+00 -7.874578999999999773e+00 4.016954206055172727e-01 9.157733284304345744e-01 0.000000000000000000e+00 3.800629400000000158e-01 0.000000000000000000e+00 0.000000000000000000e+00 1.000000000000000000e+00 0.000000000000000000e+00
8.371664816468213921e-01 -5.469481529423809718e-01 0.000000000000000000e+00 -7.630679599999999674e+00 5.469481529423809718e-01 8.371664816468213921e-01 0.000000000000000000e+00 3.165865999999999819e-02 0.000000000000000000e+00 0.000000000000000000e+00 1.000000000000000000e+00 0.000000000000000000e+00
7.357239228340454185e-01 -6.772815584154668889e-01 0.000000000000000000e+00 -7.328660000000000174e+00 6.772815584154668889e-01 7.357239228340454185e-01 0.000000000000000000e+00 -3.592623200000000239e-01 0.000000000000000000e+00 0.000000000000000000e+00 1.000000000000000000e+00 0.000000000000000000e+00
6.142127124713608888e-01 -7.891405095663086566e-01 0.000000000000000000e+00 -6.976759999999999629e+00 7.891405095663086566e-01 6.142127124713608888e-01 0.000000000000000000e+00 -7.521600000000000508e-01 0.000000000000000000e+00 0.000000000000000000e+00 1.000000000000000000e+00 0.000000000000000000e+00
4.759473767591094195e-01 -8.794737600156825597e-01 0.000000000000000000e+00 -6.584577600000000253e+00 8.794737600156825597e-01 4.759473767591094195e-01 0.000000000000000000e+00 -1.012219999999999898e+00 0.000000000000000000e+00 0.000000000000000000e+00 1.000000000000000000e+00 0.000000000000000000e+00
3.246994344545338640e-01 -9.458172536303753875e-01 0.000000000000000000e+00 -6.162810999999999595e+00 9.458172536303753875e-01 3.246994344545338640e-01 0.000000000000000000e+00 -1.440290800000000093e+00 0.000000000000000000e+00 0.000000000000000000e+00 1.000000000000000000e+00 0.000000000000000000e+00
1.645945360575063465e-01 -9.863613124509771346e-01 0.000000000000000000e+00 -5.722964300000000115e+00 9.863613124509771346e-01 1.645945360575063465e-01 0.000000000000000000e+00 -1.765159399999999934e+00 0.000000000000000000e+00 0.000000000000000000e+00 1.000000000000000000e+00 0.000000000000000000e+00
1.961531008125620167e-08 9.999999999999997780e-01 0.000000000000000000e+00 -5.277035699999999885e+00 -9.999999999999997780e-01 1.961531008125620167e-08 0.000000000000000000e+00 -2.184352399999999861e+00 0.000000000000000000e+00 0.000000000000000000e+00 1.000000000000000000e+00 0.000000000000000000e+00
1.645946276119701346e-01 9.863612971732400592e-01 0.000000000000000000e+00 -4.837189000000000405e+00 -9.863612971732400592e-01 1.645946276119701346e-01 0.000000000000000000e+00 -2.567086499999999827e+00 0.000000000000000000e+00 0.000000000000000000e+00 1.000000000000000000e+00 0.000000000000000000e+00
3.246992385004996984e-01 9.458173209014495431e-01 0.000000000000000000e+00 -4.415422399999999747e+00 -9.458173209014495431e-01 3.246992385004996984e-01 0.000000000000000000e+00 -3.009684299999999979e+00 0.000000000000000000e+00 0.000000000000000000e+00 1.000000000000000000e+00 0.000000000000000000e+00
4.759474583922252422e-01 8.794737158380465658e-01 0.000000000000000000e+00 -4.023240000000000371e+00 -8.794737158380465658e-01 4.759474583922252422e-01 0.000000000000000000e+00 -3.428384499999999946e+00 0.000000000000000000e+00 0.000000000000000000e+00 1.000000000000000000e+00 0.000000000000000000e+00
6.142127857197063889e-01 7.891404525548275650e-01 0.000000000000000000e+00 -3.671339800000000153e+00 -7.891404525548275650e-01 6.142127857197063889e-01 0.000000000000000000e+00 -3.499446199999999951e+00 0.000000000000000000e+00 0.000000000000000000e+00 1.000000000000000000e+00 0.000000000000000000e+00
7.357239856995967386e-01 6.772814901252651731e-01 0.000000000000000000e+00 -3.369320599999999999e+00 -6.772814901252651731e-01 7.357239856995967386e-01 0.000000000000000000e+00 -3.551355599999999946e+00 0.000000000000000000e+00 0.000000000000000000e+00 1.000000000000000000e+00 0.000000000000000000e+00
8.371663300439261546e-01 5.469483849878195025e-01 0.000000000000000000e+00 -3.125420800000000110e+00 -5.469483849878195025e-01 8.371663300439261546e-01 0.000000000000000000e+00 -3.435703300000000127e+00 0.000000000000000000e+00 0.000000000000000000e+00 1.000000000000000000e+00 0.000000000000000000e+00
9.157732652921030114e-01 4.016955645463857194e-01 0.000000000000000000e+00 -2.946293400000000062e+00 -4.016955645463857194e-01 9.157732652921030114e-01 0.000000000000000000e+00 -3.494909999999999961e+00 0.000000000000000000e+00 0.000000000000000000e+00 1.000000000000000000e+00 0.000000000000000000e+00
9.694003065603504776e-01 2.454853267319628829e-01 0.000000000000000000e+00 -2.836824399999999802e+00 -2.454853267319628829e-01 9.694003065603504776e-01 0.000000000000000000e+00 -3.540722000000000147e+00 0.000000000000000000e+00 0.000000000000000000e+00 1.000000000000000000e+00 0.000000000000000000e+00
-9.965844960863955437e-01 -8.257930830556194091e-02 0.000000000000000000e+00 -2.799999999999999822e+00 8.257930830556194091e-02 -9.965844960863955437e-01 0.000000000000000000e+00 -3.308477400000000124e+00 0.000000000000000000e+00 0.000000000000000000e+00 1.000000000000000000e+00 0.000000000000000000e+00
